· *ess-

111111, 1110101 1111111111, dans 101 1101101, 01 1111011011111
11 110110 1111111110 01 du 110110 110111, 1110111011 110111 101Δ
3 11100111 1111111111. 11 011110 1111110110 01 001011011110011

constitutionem 10111111111,011101011111111111011011101101,
10110101101003101101101101011011101100, 01110 101111111-
” 1111,10111101001,10111011101010010111101111110111110101110111,-4
, much-2⁰ 11011 11 11110 11111100110111111301101110101101
1111011301οθ manifeste 01011011 1110110 0011111110 qui 1111-
“ 111110,11111011110111311101111110101101,111111000111111101 do

101 101101011111011111011101110, 01 111010311101110101110 ·
ἦ sur 11 cause, 101 1101011, 101 011011, 01 11011111 101101
² entr'eux 001 11100111011000110010111011011011 1101111110 101

01101; 111011’1111110110,0111100110101ι11101110101 0111011 10,
’ 101 011101. -1111110111 01110111101001 1011 10111101 par,

1110111101111010111110. (1011 un fait que 11 raison, 1101110,

1101110 11111010110101111010001110111100 0110-11111011111101, ,
⁷ 1011111011101101111010 1 101 1011 aux 11011101 1000111101,
’ 01111 011011 leurs 10101. 01 11101100011111110 1011 11011111

1111101111101001 11 multiplicius des 01101 1111101 011 101100-

1101 1011011011011100111110111110 011111 10111101. La 101

hiantemque 011 11111 11 101 (111110, 1111101001 la 11111111οἰ10,

1111110 1011111011,111110 110110, physique 01 dans 10 110110

1110111110 1101101101111111111111101 semblables 011 110010010011

par 1011111110 1110111111 001110 1111101111 1011111101 0011,

1111111101οτ 111 (101 1101011 0111111111 001 01101,1100 Punite 10

corps 01 10 1101011 1111111301 qui 01 101111011. La 101 11111110·

110-1011010010 0110-111110110111110 10 type, 1011010111, y

10 1010 11110100 aux 1111111111 011111 1111010111 1111101101 qu ils,

1011011111 1011111101. - .

201101010110111110100101113010110111101101 10111111 10101-«

1001101010111111101 1110110 0011111111οι (111100 10111 0110101101.

extremos 10 11 1111011011. 1110111101, 11101 0111 plenitude

110 1111111 11 aegre 1111110110, 1010111, Pour 00111101 111101,

11110, 111111 (1111011 trois 1011111001 110 qui 110110 11 10111,
' 110 0111110110-111101, 1111011111 110 001 deux 01110110111111

01110 1011011010 plus 1110100110 11 1011101Ιο moyen 101101.

1111 1101111 1100111011011 qul 101 110111 1111111111, 01110101·-

111110111011011101 10 1010110110,1011011011001011111111111

 

