-158-

11313113 11331 11111133, [13111133113113311111333311 31 3113111111
313131111313331 13 3311 de 13331313 1131133 131313113131 getan*
iissent, parles 3111131131131131113111131 113 113313133333 111111
13111333 33 31311131 333 111111. “

031131131113111133--1ο 1133133331 1. 133 331131133313 do

13311313131331133331133 1333313 1133133111333, 'en 33131331 aux

parents 31331 31111313311311 (1333 33133 legitime. 113 11331331

’ 133 1311113113 de 1133 accord 31 (1311311133 33113 133 1331111113,

11133313 a 11131 333 1313131133 33133 (13331113 31 (13311111 33

13113311Η111133 13311131 11333 13131113 1111331113. 2. 11 3331311

1311331311 (1333311133 331 133131111111133, 331111131113 11331,

13 13111113 33 1333333311311133113 133133133 (13 11113. 3. 1111331-

1311113 1311113111 des 133111133 31 (1331111133, 333311331133331

11 1331311111131113 13133 (1311131131 3331313 331 1111111111.

2⁰ Imperfections: 113131113131131333333313111313113113111311

de poiygamie 31 de divorce; 13 1133131113 111131 par 1111333111

’ Ι113 vendre 333 331331, (13 13313131 33 3311133 113 1313133313.

, ’ R. 1113113111 Moyse 1131333 111131311311 3113113113 3111 3311113111

1331331313113111111333, 33313133 de 133313313311133 11313311113111,

311313133331 des Η11111311. 2. 1313133113113313111133133111133

. 331 333 313333111 31131 133 13311133 1113331313. 3. Le 1133131113

, mestique 3313331333 dans (13133133 11311331313133111111311333

113-1-113113 1111333331 de 13111331. ,

code 1311111133111111111313113111. --1ο ’1133131331 1111 1111-

’1133113 despotisme 31 1333131113-13 (133131131331 13113131

divine qui 1113113 31 (1313133133133133 331311113; 1131 13 principe

, 111133113113311331 sont soumis 131 3331333, 1331111133 333311113ς

113113131333331311133331311113 31 des 1311333333 (1131131333

1131113331 1311113333 du 111113 331 13133313 par celle 1133311313

Α 113 13131113 31 (1331131113 1111131131 3331 proprietam 33113 du

31131 de 11131 par celle du 31331 1131131 3311 (13333331111 113113

111311 1111331133 1111133113 1113113313 111311133 31131133; 113111-

’11311111133 131311133 31 (133 131133 (131331 1113331 11313111 13131;

1131113311133111111133 1111113133113113311 131113331111313333133·
131133 des 11111111131113113 1111333313 133311, 1111313313 ’1 1311- l

1113331113 du 1133113 par 13 11311313- [3331111131 113113 33133-

1113 γ13311331311131133 3311111111 3111131133 1133131331 11331131

 

