Ὶ

-161-

1⁰ Le 111111 11111 111111111111 ooo 1111111111111-
11111.

Colo 11 11111111. 11111 1111111111 11111111 juin 2.
111 1111111111111111111111111111 111 1111111111 1111111111-
11111; 11111111 1111111111 111111111111 1111111111 mimo
malhouroux 1111111111111111 11 pout 111111111111 111 111111
111111111111 1111111.

1. 1111111111 111 J uiso—[tes 1111111111111111111 11111111
11111111111111111111111111 1111111111 111111111111. 111 111
111111 1111111 11111111111111111111 1111111111 iemps 111
11111 111111111111 111111 1111111111, 111 111 111111 so 111111-
1111111111111 serait 11111, quoique 111 1111111111 1111 111
11111111 pario 1111111111 11111111. 11111111 1111 1111111111111
1111 11 11111 11 11 11111 sainte 111 111111111111; 1111111111,
11111111,1111111111 1111 11111,11111111’1111 1111111111 dano
11111111111 11111111111 seignour. 0111111 111111111111111
11 1111 11111 1111111111 11111111 11111111111111. ⁶

2. Connaissonoes 1111111111111. - 11111 a communique ι1111
11111111 1111111111 111111111111111 1111111 111 colui dos
11111111 1111111111 111 11 venue 11 111 1111111 1111111111, 111-
1111111 1111111111 11 1111111111 11 thummim-ces 111111ίί111
1111111 1111111111111111111111.

Ρ111111111111111111111; 1111111111 1111111111111,·11111111
11 1111111 1111111111111111 1111111111, 1111111,111 loges
11 111 1111111)1-111 11 1111111111 111 patriarches, de Moyse,
111111111111.1111111111111 1111111111 11 11 torre 11 (1111-
1111111111111111111111111111, isaac, 111111, 1111111, Moyse
(2). 1111111111 11 111111111111, 111 1111111111 quien 1111111
1111111111, 1111111111 1 111111, 11111 1111111111111111111111-
1111111 111111111111 1111111111 1111111111131. 1.·1111111111-

' 11111 11 1111111111 1111111111 111 Moyse, 1111111111 11 division
du 11111111, 11 1111111111, 11 1111111111 111 1111111111. 81111111-

(111111. oo, 11. 111. 11, 11. 111.1,11.111.11,1;.18.14.
1 11111111111511.

(111111. 12, 73 26, 118, 15ς 19; 110 11111 111, 1; 11, 8; 35.

(5111111111151. 111 15, 11.

(1) oeni. 11, 11.

Ἰ

 

