1111

‘ 3311131111 quel 1131111, 1131 suite ’3111133113 3111133113 111133 ar-
11113333 1113131113 3-1-111133311 33 sa 13333 pour 13 111331
’1131133 33131313 311313 33 1113111133 31333111333133 331133;
31331333 3313133331, 3333 1331333, 133 33133 3331333133 3331
11133 3331 33331 pour 33113133 33 331 3331311. Nous 33333133333
13133333 du 1331; nous 33 333333133333 1313311 13 3333331133,
11131113 grande 3311333, 333 preparation: 13113 331, 33111311
31333113 3331313 33 (13333333333131313. ’113331 3333 33 333-
1113333333131313331 333 111333 de misericorde sur l'homme‚ 111311

1333333313 plus 3313333113 31 13 plus 1133333313 333 prepara.
1133311333113333313111113333333331111113133131133113313’311333

33113313, 33 31333331 aux 3333 33133331331 1133331131 13 venue
33 1133331333 133 311313 anticipes 33 13 1333131133; 333 33113
3133131133 33 333311 3333333313 qu 33 3311133 333 temps. Peu-
3331133 3133133 31113333111333311113333 11131133 1331 3331333 33
13 11333331133,13333133 3311133 333313 temps 331333 11311113-
3133133333113331 13333133 3 13 11333331133ς 31 3331 331 ensemble
3113133 3331331333 33313111313333133113 33 111333 113131133333·
11311 1133113333. 11331 13133333331 33 3111133 3 1331333133 313113

figes 33 1 1131333113, 3311333333133 3333333313 quise 3333333111
’ 3113 13 11133133Ι 311 monde, 1313333133 3313333113 33 111311 13311331

33 1531333333 3333333133 311 service 33 33 Sages& 11111313, 3113
33 1331 31333331 3311313 333113 33 1133131331. 0331 33 3331331

1333311 que horizon qui 33113133 1’ intellig 33333 1113333 3 33 point
de 3113. Si 13111333 33 113333111331133131113 131 33131, 33133133 ,

3111333111 133333 33 13111333 3313133133 33 333 33133 113311333-
leurs: 33 331131 3333133, qui 3313 13 avec 1313131, ,33113311 333-
, 313 3133331331131331133133333311333333. ¹. , J ¹

03333111333311331113333333333 1333331133 333 33333133 33

33111333133133, 13 11331133 1333333 31 1131 habitor 33 1311133 33

, 33113,31133333113331111313133 par 333 33133 33 1333131333113

13133111333 331333131113 1Ἐ111313333 33 Verbo 11333133; -33

ses Ρῐορ313133;--“113 333 113133 33333313333; 113 33333333331

13111313 13311313 3311111133 sous 1311133 3333331 auquel 3333
33111133333333311313 113113331133113311333. Ρ3313133313331,

1131 3331113333 du 13333 1333333. 1113331-3331331133333311331

1331311 3333313113333313 3311133 3113113 31 de 13 1131133 1111-

 

