-fflffiffl

= ,Ξ ¹4.- -Ess'r :ma-13¹-

31131131133, 33 qni 13 3311133111311 31133 13 3313333, 313111. 3331· re-
113331 3 Γ111133131111113 133 symbolas 113 113113, 331113 3331333133
‚ 3111311333; Ε, que 13 1133313 impos-n 11311 111313 133 raglau 113 la
»1 13331113, 113 1“1131313313,113 1“3333313311113, 113 111 11133 113113 331·-
““ 131333 13115333,3111113113331 311 1111133313 13 3313313113 113 13 11111-
31333.
11. [33 3133131113 3111333333 3133311331 113 111 1133111113.
wahart! 1“111331 31311313 par 1*311 ,113333313111131113131113111113
13 1133111331 113 3131 111331· [1331 1133131131 1131111 3113333 = 1⁰ 1’11131
3111133113 31 33113113 qui 3 331111 [1313331333 3 13 31331133 1133
ι. 31133, ⁴20 1“11133 113 vsu-{iste qui 3311 113 13133 3 13 3133111311 111113-
1 11333. [1113 33133313133 113 1’311 331, 3 111 131113, 113 1331-31111113
lum-‘2³1 primitis, 111313 113 [311 11 33 1331311311 3113 ridi—‚al 131313
11333 Γ33Ῑ1111 113 13111313 par 13 11331111133311 3113313.

Ε3 33331111 1133, 13 langue mistique 1113311113 3131113131113111 113
13 1133111331 Ε3 31131, 1“311313[11313 1131111 33113333 113 signes: 1.
133 sigum 1131111313, 31331 33313133 parce qu*i!5 33111 3133133133
3 13 11311113; 33 33111 133 3133113313113113 3333111133 [1131131133 par
133 sam-nes flgiflfflffll 33113 1’1311331133 113 1“11133], 133 13311133 333*-
3111133 3331331133 3311 11133113 1133 1“3111313 113111 exprimam 333
3131133 mam [nujuurfl 1313113313 3 Fida-11, 1331 331133113331-133
3113 1133313131311311, 11113 1113311331133 ; 2. 133 3131333 3111331313 ,
qui, 33111133 13111· 113111Γ131113113, 3331113 113133 3131311333 113
13111313. “

113 33 qui 31333113, 11 3311 1133 13 1313131133 113 13 1333113 31-
113113113 13131133311313 3331311333 principales: 13 3113111 1133313333
1131111313, 13111 113331311331133, 13 31331133 1133 3131133 31ιί1131313-
Ur Γ111331 3331 [1331 [1133111131 3 333 11313 :it-iffi: 331 11331 3111113111
1133, 113111 31131311· , [1311331133331 , 31 31331 3113 3131333133, 11
13111 [1113331131 [1133131113313111 1’11133 3 3331-111131.

111. [Σ111331 3111311311 31 131131333133 qu'll 3113331113, 33111 311-
33113313 331 3111313313 3133113333 113 13313 33113 1133111113.

⁴1⁹* p. ,vid-&al 3111311311 331 3311311331 3 33131 113 131113 3111111
1133111331 .

En 31131 Γ3111313 113111 3313331131 333 1113311 331 religi-*11
3131133133 1111 Ε11113113313313; au: 311113331111133 1131331331 113·
1331113111, 3 13 1313311 [13111133 [13113 Ι111111311331131113, qu'nn [13111 ³1¹⁴·
pelet* 33133 131333, aux *iugules 3111311333. 11 3313 113113 [11311Ήὲ-

